{"samples":{"AB_23":{"id":"AB_23","patient":"PT1","mlst_pasteur":"ST2","mlst_oxford":"ST208","cgmlst":"CT1451","carbapenemase":"OXA-23","hospital":"Hospital A","country":"Country W","date":"2023-07-04","antibiogram":"AMP, CIP, GEN, MERO,TAZ, SUL, TET ","inject":"2.1","err":"ERR11173046","k_locus":"KL2","o_locus":"OCL1","inc_types":"Col(MG828)","amr_genes":["adeI","adeJ","adeK","adeN","Acinetobacter_baumannii_AbaQ","abeM","tet(B)","APH(6)-Id","APH(3'')-Ib","Acinetobacter_baumannii_AbaF","adeS","adeR","adeA","adeB","adeC","Acinetobacter_baumannii_AmvA","OXA-66","sul1","AAC(3)-Ia","OXA-23","APH(3')-Ia","ADC-30","TEM-12","sul2","adeH","adeF","adeG","adeL","abeS"]},"AB_24":{"id":"AB_24","patient":"PT2","mlst_pasteur":"ST2","mlst_oxford":"ST208","cgmlst":"CT1451","carbapenemase":"OXA-23","hospital":"Hospital A","country":"None","date":"2023-07-09","antibiogram":"AMP, CIP, GEN, MERO,TAZ, SUL, TET ","inject":"2.1","err":"ERR11173068","k_locus":"KL2","o_locus":"OCL1","inc_types":"","amr_genes":["adeK","adeJ","adeI","adeN","Acinetobacter_baumannii_AbaQ","ADC-30","Acinetobacter_baumannii_AmvA","abeM","APH(3'')-Ib","APH(6)-Id","tet(B)","adeS","adeR","adeA","adeB","adeC","OXA-66","Acinetobacter_baumannii_AbaF","AAC(3)-Ia","sul1","OXA-23","APH(3')-Ia","TEM-12","sul2","abeS","adeL","adeG","adeF","adeH"]},"AB_25":{"id":"AB_25","patient":"\u2014","mlst_pasteur":"1017","mlst_oxford":"\u2014","cgmlst":"\u2014","carbapenemase":"NDM-4","hospital":"Hospital A","country":"None","date":"2023-07-09","antibiogram":"AMI, AMP, CIP, GEN, MERO, PIP+TAZO, SUL, TAZ","inject":"2.1","err":"ERR10628311","k_locus":"KL9","o_locus":"OCL6","inc_types":"","amr_genes":["adeK","adeJ","adeI","abeM","Acinetobacter_baumannii_AbaQ","OXA-67","Acinetobacter_baumannii_AmvA","Acinetobacter_baumannii_AbaF","abeS","adeL","adeG","adeF","adeH","ADC-6","adeS","adeR","adeA","adeB","mphE","msrE","sul2","APH(6)-Id","APH(3'')-Ib","NDM-4","determinant_of_bleomycin_resistance","tet(39)","APH(3')-VI"]},"AB_26":{"id":"AB_26","patient":"PT3","mlst_pasteur":"ST2","mlst_oxford":"ST208","cgmlst":"CT1451","carbapenemase":"OXA-23","hospital":"Hospital A","country":"None","date":"2023-07-09","antibiogram":"AMP, CIP, MERO,TAZ, SUL, TET ","inject":"2.1","err":"ERR11173064","k_locus":"KL2","o_locus":"OCL1","inc_types":"","amr_genes":["abeS","adeL","adeG","adeF","adeH","adeI","adeJ","adeK","adeN","APH(3'')-Ib","APH(6)-Id","tet(B)","adeS","adeR","adeA","adeB","adeC","Acinetobacter_baumannii_AbaF","abeM","OXA-66","Acinetobacter_baumannii_AmvA","OXA-23","Acinetobacter_baumannii_AbaQ","APH(3')-Ia","TEM-12","sul2","ADC-30"]},"AB_27":{"id":"AB_27","patient":"PT4","mlst_pasteur":"ST2","mlst_oxford":"ST208","cgmlst":"CT1451","carbapenemase":"OXA-23","hospital":"Hospital A","country":"None","date":"2023-07-10","antibiogram":"AMP, CIP, GEN, MERO,TAZ, SUL, TET ","inject":"2.1","err":"ERR11173047","k_locus":"KL2","o_locus":"OCL1","inc_types":"","amr_genes":["adeH","adeF","adeG","adeL","abeS","adeK","adeJ","adeI","adeN","abeM","tet(B)","APH(6)-Id","APH(3'')-Ib","adeS","adeR","adeA","adeB","adeC","Acinetobacter_baumannii_AbaF","OXA-66","sul1","AAC(3)-Ia","OXA-23","Acinetobacter_baumannii_AmvA","APH(3')-Ia","TEM-12","Acinetobacter_baumannii_AbaQ","sul2","ADC-30"]},"AB_28":{"id":"AB_28","patient":"PT5","mlst_pasteur":"ST2","mlst_oxford":"ST208","cgmlst":"CT1451","carbapenemase":"OXA-23","hospital":"Hospital A","country":"None","date":"2023-07-12","antibiogram":"AMP, CIP, GEN, MERO,TAZ, SUL, TET ","inject":"2.1","err":"ERR11173020","k_locus":"KL2","o_locus":"OCL1","inc_types":"","amr_genes":["adeN","Acinetobacter_baumannii_AbaQ","ADC-30","tet(B)","APH(6)-Id","APH(3'')-Ib","Acinetobacter_baumannii_AmvA","Acinetobacter_baumannii_AbaF","adeS","adeR","adeA","adeB","adeC","OXA-66","AAC(3)-Ia","sul1","abeM","OXA-23","APH(3')-Ia","sul2","abeS","adeL","adeG","adeF","adeH","adeK","adeJ","adeI"]},"AB_29":{"id":"AB_29","patient":"PT6","mlst_pasteur":"ST2","mlst_oxford":"ST208","cgmlst":"CT1451","carbapenemase":"OXA-23","hospital":"Hospital A","country":"None","date":"2023-07-12","antibiogram":"AMP, CIP, GEN, MERO,TAZ, SUL, TET ","inject":"2.1","err":"ERR11173106","k_locus":"KL2","o_locus":"OCL1","inc_types":"","amr_genes":["adeH","adeF","adeG","adeL","abeS","adeI","adeJ","adeK","APH(3'')-Ib","APH(6)-Id","tet(B)","abeM","adeN","adeS","adeR","adeA","adeB","adeC","ADC-30","AAC(3)-Ia","sul1","Acinetobacter_baumannii_AbaF","OXA-66","OXA-23","APH(3')-Ia","TEM-12","sul2","Acinetobacter_baumannii_AmvA","Acinetobacter_baumannii_AbaQ"]},"AB_30":{"id":"AB_30","patient":"PT7","mlst_pasteur":"ST2","mlst_oxford":"ST208","cgmlst":"CT1451","carbapenemase":"OXA-23","hospital":"Hospital A","country":"None","date":"2023-07-13","antibiogram":"AMP, CIP, GEN, MERO,TAZ, SUL, TET ","inject":"2.1","err":"ERR11173109","k_locus":"KL2","o_locus":"OCL1","inc_types":"","amr_genes":["adeH","adeF","adeG","adeL","abeS","adeI","adeJ","adeK","adeN","tet(B)","APH(6)-Id","APH(3'')-Ib","abeM","adeC","adeB","adeA","adeR","adeS","ADC-30","AAC(3)-Ia","sul1","OXA-66","Acinetobacter_baumannii_AbaF","OXA-23","tetU","Acinetobacter_baumannii_AmvA","APH(3')-Ia","TEM-12","sul2","Acinetobacter_baumannii_AbaQ"]},"AB_31":{"id":"AB_31","patient":"PT8","mlst_pasteur":"ST2","mlst_oxford":"ST208","cgmlst":"CT1451","carbapenemase":"OXA-23","hospital":"Hospital A","country":"None","date":"2023-07-15","antibiogram":"AMP, CIP, GEN, MERO,TAZ, SUL, TET ","inject":"2.1","err":"ERR11173110","k_locus":"KL2","o_locus":"OCL1","inc_types":"","amr_genes":["adeH","adeF","adeG","adeL","abeS","tet(B)","APH(6)-Id","APH(3'')-Ib","adeK","adeJ","adeI","adeN","abeM","adeC","adeB","adeA","adeR","adeS","ADC-30","Acinetobacter_baumannii_AbaF","OXA-66","AAC(3)-Ia","sul1","OXA-23","Acinetobacter_baumannii_AmvA","APH(3')-Ia","TEM-12","sul2","Acinetobacter_baumannii_AbaQ"]},"AB_32":{"id":"AB_32","patient":"PT1","mlst_pasteur":"ST2","mlst_oxford":"ST195","cgmlst":"CT607","carbapenemase":"OXA-23","hospital":"Hospital A","country":"Country Z","date":"2023-07-13","antibiogram":"\u2014","inject":"2.1","err":"ERR11173065","k_locus":"KL3","o_locus":"OCL1","inc_types":"","amr_genes":["adeH","adeF","adeG","adeL","abeS","adeK","adeJ","adeI","ADC-73","APH(3'')-Ib","APH(6)-Id","tet(B)","Acinetobacter_baumannii_AmvA","OXA-66","armA","msrE","mphE","adeC","adeB","adeA","adeR","adeS","Acinetobacter_baumannii_AbaF","OXA-23","abeM","TEM-12","APH(3')-Ia","Acinetobacter_baumannii_AbaQ","adeN"]},"AB_33":{"id":"AB_33","patient":"PT3","mlst_pasteur":"ST2","mlst_oxford":"ST195/1816","cgmlst":"CT2896","carbapenemase":"OXA-23","hospital":"Hospital A","country":"None","date":"2023-07-24","antibiogram":"AMI, AMP, GEN, MERO, SUL","inject":"2.1","err":"ERR11173027","k_locus":"KL3","o_locus":"OCL1","inc_types":"","amr_genes":["ADC-73","APH(3'')-Ib","APH(6)-Id","tet(B)","OXA-23","Acinetobacter_baumannii_AbaQ","abeM","TEM-12","APH(3')-Ia","sul2","Acinetobacter_baumannii_AmvA","abeS","adeL","adeG","adeF","adeH","adeN","OXA-66","adeC","adeB","adeA","adeR","adeS","adeK","adeJ","adeI","mphE","msrE","armA","Acinetobacter_baumannii_AbaF"]},"AB_34":{"id":"AB_34","patient":"PT4","mlst_pasteur":"ST2","mlst_oxford":"ST195/1816","cgmlst":"CT6","carbapenemase":"OXA-23","hospital":"Hospital A","country":"None","date":"2023-07-24","antibiogram":"\u2014","inject":"2.1","err":"ERR11173028","k_locus":"KL3","o_locus":"OCL1","inc_types":"","amr_genes":["tet(B)","APH(6)-Id","APH(3'')-Ib","ADC-73","OXA-23","TEM-12","APH(3')-Ia","adeK","adeJ","adeI","sul2","abeM","Acinetobacter_baumannii_AmvA","adeH","adeF","adeG","adeL","abeS","Acinetobacter_baumannii_AbaF","Acinetobacter_baumannii_AbaQ","adeN","adeS","adeR","adeA","adeB","adeC","OXA-66","mphE","msrE","armA"]},"AB_35":{"id":"AB_35","patient":"PT6","mlst_pasteur":"ST2","mlst_oxford":"ST195","cgmlst":"CT6","carbapenemase":"OXA-23","hospital":"Hospital A","country":"None","date":"2023-07-25","antibiogram":"\u2014","inject":"2.1","err":"ERR11173030","k_locus":"KL3","o_locus":"OCL1","inc_types":"","amr_genes":["Acinetobacter_baumannii_AbaQ","OXA-23","TEM-12","APH(3')-Ia","sul2","tet(B)","APH(6)-Id","APH(3'')-Ib","abeM","adeN","ADC-73","Acinetobacter_baumannii_AmvA","Acinetobacter_baumannii_AbaF","adeS","adeR","adeA","adeB","adeC","OXA-66","adeK","adeJ","adeI","armA","msrE","mphE","abeS","adeL","adeG","adeF","adeH"]},"AB_36":{"id":"AB_36","patient":"\u2014","mlst_pasteur":"ST2","mlst_oxford":"ST208","cgmlst":"\u2014","carbapenemase":"OXA-23","hospital":"Hospital A","country":"Country Y","date":"2023-07-29","antibiogram":"AMI, AMP, GEN, MERO, SUL","inject":"2.1","err":"ERR11554327","k_locus":"KL2","o_locus":"OCL1","inc_types":"","amr_genes":["adeK","adeJ","adeI","abeS","adeL","adeG","adeF","adeH","Acinetobacter_baumannii_AbaF","OXA-66","adeS","adeR","adeA","adeB","adeC","tet(B)","APH(6)-Id","APH(3'')-Ib","adeN","ADC-73","armA","msrE","mphE","Acinetobacter_baumannii_AmvA","abeM","catI","AAC(3)-Ia","sul1","OXA-23","Acinetobacter_baumannii_AbaQ"]},"AB_37":{"id":"AB_37","patient":"PT9","mlst_pasteur":"ST2","mlst_oxford":"ST195","cgmlst":"CT2896","carbapenemase":"OXA-23","hospital":"Hospital A","country":"None","date":"2023-07-31","antibiogram":"\u2014","inject":"2.1","err":"ERR11173035","k_locus":"KL3","o_locus":"OCL1","inc_types":"","amr_genes":["msrE","mphE","ADC-73","OXA-66","tet(B)","APH(6)-Id","APH(3'')-Ib","adeK","adeJ","adeI","OXA-23","abeM","TEM-12","APH(3')-Ia","sul2","Acinetobacter_baumannii_AmvA","abeS","adeL","adeG","adeF","adeH","Acinetobacter_baumannii_AbaF","adeS","adeR","adeA","adeB","adeC","adeN","Acinetobacter_baumannii_AbaQ"]},"AB_38":{"id":"AB_38","patient":"PT11","mlst_pasteur":"ST2","mlst_oxford":"ST1816","cgmlst":"CT2896","carbapenemase":"OXA-23","hospital":"Hospital A","country":"None","date":"2023-08-02","antibiogram":"\u2014","inject":"2.1","err":"ERR11173040","k_locus":"KL3","o_locus":"OCL1","inc_types":"","amr_genes":["APH(3'')-Ib","APH(6)-Id","tet(B)","OXA-66","OXA-23","Acinetobacter_baumannii_AbaQ","abeS","adeL","adeG","adeF","adeH","TEM-12","APH(3')-Ia","sul2","adeK","adeJ","adeI","ADC-73","adeN","Acinetobacter_baumannii_AbaF","abeM","adeS","adeR","adeA","adeB","adeC","Acinetobacter_baumannii_AmvA","armA","msrE","mphE"]},"AB_39":{"id":"AB_39","patient":"PT12","mlst_pasteur":"ST2","mlst_oxford":"ST195","cgmlst":"CT2896","carbapenemase":"OXA-23","hospital":"Hospital A","country":"None","date":"2023-08-02","antibiogram":"\u2014","inject":"2.1","err":"ERR11173043","k_locus":"KL3","o_locus":"OCL1","inc_types":"","amr_genes":["OXA-23","tet(B)","APH(6)-Id","APH(3'')-Ib","TEM-12","APH(3')-Ia","sul2","adeN","adeK","adeJ","adeI","ADC-73","adeS","adeR","adeA","adeB","adeC","Acinetobacter_baumannii_AmvA","adeH","adeF","adeG","adeL","abeS","OXA-66","Acinetobacter_baumannii_AbaF","mphE","msrE","armA","Acinetobacter_baumannii_AbaQ","abeM"]},"AB_40":{"id":"AB_40","patient":"PT13","mlst_pasteur":"ST2","mlst_oxford":"ST195","cgmlst":"CT2896","carbapenemase":"OXA-23","hospital":"Hospital A","country":"None","date":"2023-08-05","antibiogram":"\u2014","inject":"2.1","err":"ERR11173049","k_locus":"KL3","o_locus":"OCL1","inc_types":"","amr_genes":["OXA-23","abeS","adeL","adeG","adeF","adeH","TEM-12","APH(3')-Ia","sul2","APH(3'')-Ib","APH(6)-Id","tet(B)","adeN","abeM","Acinetobacter_baumannii_AbaQ","ADC-73","OXA-66","Acinetobacter_baumannii_AbaF","adeS","adeR","adeA","adeB","adeC","Acinetobacter_baumannii_AmvA","armA","msrE","mphE","adeI","adeJ","adeK"]},"AB_41":{"id":"AB_41","patient":"PT1","mlst_pasteur":"ST2","mlst_oxford":"ST195","cgmlst":"CT1414","carbapenemase":"OXA-23","hospital":"Hospital B","country":"None","date":"2023-07-19","antibiogram":"AMI, AMP,GEN, MERO","inject":"3.1","err":"ERR11173078","k_locus":"KL3","o_locus":"OCL1","inc_types":"Col(BS512)","amr_genes":["adeS","adeR","adeA","adeB","adeC","ADC-73","abeM","adeK","adeJ","adeI","APH(3'')-Ib","APH(6)-Id","tet(B)","Acinetobacter_baumannii_AmvA","OXA-66","Acinetobacter_baumannii_AbaF","adeN","Acinetobacter_baumannii_AbaQ","OXA-23","TEM-12","APH(3')-Ia","adeH","adeF","adeG","adeL","abeS","armA","msrE","mphE"]},"AB_42":{"id":"AB_42","patient":"PT2","mlst_pasteur":"ST2","mlst_oxford":"ST195","cgmlst":"CT1414","carbapenemase":"OXA-23","hospital":"Hospital B","country":"Country Z","date":"2023-07-17","antibiogram":"\u2014","inject":"3.1","err":"ERR11173084","k_locus":"KL3","o_locus":"OCL1","inc_types":"Col(MG828); Col156; ColpVC","amr_genes":["adeC","adeB","adeA","adeR","adeS","adeI","adeJ","adeK","ADC-73","OXA-66","Acinetobacter_baumannii_AbaF","tet(B)","APH(6)-Id","APH(3'')-Ib","Acinetobacter_baumannii_AmvA","abeM","OXA-23","adeN","Acinetobacter_baumannii_AbaQ","TEM-12","APH(3')-Ia","mphE","msrE","armA","abeS","adeL","adeG","adeF","adeH"]},"AB_43":{"id":"AB_43","patient":"PT3","mlst_pasteur":"ST2","mlst_oxford":"ST195","cgmlst":"CT1414","carbapenemase":"OXA-23","hospital":"Hospital B","country":"None","date":"2023-07-21","antibiogram":"\u2014","inject":"3.1","err":"ERR11173091","k_locus":"KL3","o_locus":"OCL1","inc_types":"","amr_genes":[]},"AB_44":{"id":"AB_44","patient":"\u2014","mlst_pasteur":"ST103","mlst_oxford":"ST514","cgmlst":"\u2014","carbapenemase":"NDM-2","hospital":"Hospital B","country":"Country X","date":"2023-07-04","antibiogram":"AMI, AMP, GEN, MERO, PIP+TAZO, SUL, TAZ, TET","inject":"3.1","err":"ERR10628319","k_locus":"KL24","o_locus":"OCL7","inc_types":"","amr_genes":["adeN","abeS","adeL","adeG","adeF","adeH","Acinetobacter_baumannii_AbaF","adeB","adeA","adeR","adeS","OXA-70","adeI","adeJ","adeK","Acinetobacter_baumannii_AmpC_beta-lactamase","Acinetobacter_baumannii_AmvA","APH(3'')-Ib","APH(6)-Id","tet(B)","sul2","mphE","msrE","NDM-2","determinant_of_bleomycin_resistance","ANT(2'')-Ia","Acinetobacter_baumannii_AbaQ","abeM","APH(3')-VIa"]},"AB_45":{"id":"AB_45","patient":"\u2014","mlst_pasteur":"ST103","mlst_oxford":"ST514","cgmlst":"\u2014","carbapenemase":"NDM-2","hospital":"Hospital B","country":"None","date":"2023-07-12","antibiogram":"AMI, AMP, GEN, MERO, PIP+TAZO, SUL, TAZ, TET","inject":"3.1","err":"ERR10628308","k_locus":"KL24","o_locus":"OCL7","inc_types":"","amr_genes":["adeN","adeS","adeR","adeA","adeB","OXA-70","Acinetobacter_baumannii_AbaF","adeK","adeJ","adeI","Acinetobacter_baumannii_AmpC_beta-lactamase","abeM","Acinetobacter_baumannii_AmvA","APH(3'')-Ib","APH(6)-Id","tet(B)","sul2","determinant_of_bleomycin_resistance","NDM-2","ANT(2'')-Ia","Acinetobacter_baumannii_AbaQ","APH(3')-VIa","adeH","adeF","adeG","adeL","abeS"]},"AB_46":{"id":"AB_46","patient":"PT2","mlst_pasteur":"ST2","mlst_oxford":"ST195","cgmlst":"CT607","carbapenemase":"OXA-23","hospital":"Hospital C","country":"Country Z","date":"2023-07-20","antibiogram":"\u2014","inject":"3.1","err":"ERR11173096","k_locus":"KL3","o_locus":"OCL1","inc_types":"","amr_genes":["adeK","adeJ","adeI","ADC-73","Acinetobacter_baumannii_AmvA","APH(3'')-Ib","APH(6)-Id","tet(B)","Acinetobacter_baumannii_AbaF","mphE","msrE","armA","OXA-66","abeM","adeC","adeB","adeA","adeR","adeS","Acinetobacter_baumannii_AbaQ","OXA-23","sul2","abeS","adeL","adeG","adeF","adeH"]},"AB_47":{"id":"AB_47","patient":"PT3","mlst_pasteur":"ST2","mlst_oxford":"ST195","cgmlst":"CT1045","carbapenemase":"OXA-23","hospital":"Hospital C","country":"Country Z","date":"2023-08-05","antibiogram":"\u2014","inject":"3.1","err":"ERR11173100","k_locus":"KL3","o_locus":"OCL1","inc_types":"","amr_genes":["ADC-73","adeI","adeJ","adeK","Acinetobacter_baumannii_AmvA","APH(3'')-Ib","APH(6)-Id","tet(B)","OXA-66","Acinetobacter_baumannii_AbaF","abeM","OXA-23","sul2","adeH","adeF","adeG","adeL","abeS","armA","msrE","mphE","Acinetobacter_baumannii_AbaQ","adeS","adeR","adeA","adeB","adeC"]},"AB_48":{"id":"AB_48","patient":"PT1","mlst_pasteur":"ST2","mlst_oxford":"ST208/1806","cgmlst":"CT2040","carbapenemase":"OXA-23","hospital":"Hospital C","country":"None","date":"2023-07-10","antibiogram":"\u2014","inject":"3.1","err":"ERR11173132","k_locus":"KL2","o_locus":"OCL1","inc_types":"","amr_genes":["OXA-23","sul2","adeN","abeS","adeL","adeG","adeF","adeH","Acinetobacter_baumannii_AmvA","Acinetobacter_baumannii_AbaF","Acinetobacter_baumannii_AbaQ","adeC","adeB","adeA","adeR","adeS","OXA-66","adeI","adeJ","adeK","armA","msrE","ADC-73","abeM"]},"AB_49":{"id":"AB_49","patient":"PT2","mlst_pasteur":"ST2","mlst_oxford":"ST208/1806","cgmlst":"CT2040","carbapenemase":"OXA-23","hospital":"Hospital C","country":"None","date":"2023-07-13","antibiogram":"\u2014","inject":"3.1","err":"ERR11173144","k_locus":"KL2","o_locus":"OCL1","inc_types":"","amr_genes":["adeH","adeF","adeG","adeL","abeS","ADC-73","Acinetobacter_baumannii_AmvA","adeN","Acinetobacter_baumannii_AbaQ","adeS","adeR","adeA","adeB","adeC","adeK","adeJ","adeI","abeM","armA","msrE","sul2","Acinetobacter_baumannii_AbaF","OXA-23","OXA-66"]},"AB_50":{"id":"AB_50","patient":"\u2014","mlst_pasteur":"ST2","mlst_oxford":"ST281","cgmlst":"\u2014","carbapenemase":"OXA-23","hospital":"Hospital C","country":"Country W","date":"2023-08-01","antibiogram":"\u2014","inject":"3.1","err":"ERR11554438","k_locus":"KL22","o_locus":"OCL3","inc_types":"","amr_genes":["adeN","Acinetobacter_baumannii_AbaQ","Acinetobacter_baumannii_AbaF","adeK","adeJ","adeI","adeC","adeB","adeA","adeR","adeS","Acinetobacter_baumannii_AmvA","abeM","ADC-25","OXA-115","ANT(2'')-Ia","aadA2","sul1","OXA-23","APH(3')-VIa","abeS","adeL","adeG","adeF","adeH"]},"AB_51":{"id":"AB_51","patient":"PT1","mlst_pasteur":"ST2","mlst_oxford":"ST195/1816","cgmlst":"CT1044","carbapenemase":"OXA-23","hospital":"Hospital D","country":"Country Y","date":"2023-07-15","antibiogram":"\u2014","inject":"3.2","err":"ERR11173024","k_locus":"KL3","o_locus":"OCL1","inc_types":"","amr_genes":["ADC-73","tet(B)","APH(6)-Id","APH(3'')-Ib","OXA-23","TEM-12","APH(3')-Ia","sul2","adeH","adeF","adeG","adeL","abeS","Acinetobacter_baumannii_AmvA","adeN","Acinetobacter_baumannii_AbaF","Acinetobacter_baumannii_AbaQ","adeC","adeB","adeA","adeR","adeS","abeM","adeK","adeJ","adeI","mphE","msrE","armA","OXA-66"]},"AB_52":{"id":"AB_52","patient":"PT2","mlst_pasteur":"ST2","mlst_oxford":"ST195/1816","cgmlst":"CT715","carbapenemase":"OXA-23","hospital":"Hospital D","country":"Country Y","date":"2023-07-21","antibiogram":"\u2014","inject":"3.2","err":"ERR11173025","k_locus":"KL3","o_locus":"OCL1","inc_types":"","amr_genes":["adeI","adeJ","adeK","OXA-23","TEM-12","APH(3')-Ia","sul2","tet(B)","APH(6)-Id","APH(3'')-Ib","ADC-73","Acinetobacter_baumannii_AmvA","abeM","adeN","Acinetobacter_baumannii_AbaF","adeS","adeR","adeA","adeB","adeC","armA","msrE","mphE","abeS","adeL","adeG","adeF","adeH","Acinetobacter_baumannii_AbaQ","OXA-66"]},"AB_53":{"id":"AB_53","patient":"PT5","mlst_pasteur":"ST2","mlst_oxford":"ST195/1816","cgmlst":"CT6","carbapenemase":"OXA-23","hospital":"Hospital D","country":"None","date":"2023-07-25","antibiogram":"\u2014","inject":"3.2","err":"ERR11173029","k_locus":"KL3","o_locus":"OCL1","inc_types":"","amr_genes":["OXA-66","ADC-73","tet(B)","APH(6)-Id","APH(3'')-Ib","OXA-23","Acinetobacter_baumannii_AbaQ","abeS","adeL","adeG","adeF","adeH","TEM-12","APH(3')-Ia","sul2","adeI","adeJ","adeK","abeM","Acinetobacter_baumannii_AmvA","Acinetobacter_baumannii_AbaF","adeN","adeS","adeR","adeA","adeB","adeC","armA","msrE","mphE"]},"AB_54":{"id":"AB_54","patient":"PT7","mlst_pasteur":"ST2","mlst_oxford":"ST195/1816","cgmlst":"CT6","carbapenemase":"OXA-23","hospital":"Hospital D","country":"None","date":"2023-07-28","antibiogram":"\u2014","inject":"3.2","err":"ERR11173031","k_locus":"KL3","o_locus":"OCL1","inc_types":"","amr_genes":["Acinetobacter_baumannii_AbaQ","OXA-23","TEM-12","APH(3')-Ia","sul2","adeN","tet(B)","APH(6)-Id","APH(3'')-Ib","Acinetobacter_baumannii_AmvA","ADC-73","OXA-66","Acinetobacter_baumannii_AbaF","abeM","adeS","adeR","adeA","adeB","adeC","mphE","msrE","armA","abeS","adeL","adeG","adeF","adeH","adeK","adeJ","adeI"]},"AB_55":{"id":"AB_55","patient":"PT8","mlst_pasteur":"ST2","mlst_oxford":"ST195/1816","cgmlst":"CT2896","carbapenemase":"OXA-23","hospital":"Hospital D","country":"None","date":"2023-07-29","antibiogram":"\u2014","inject":"3.2","err":"ERR11173032","k_locus":"KL3","o_locus":"OCL1","inc_types":"","amr_genes":["ADC-73","Acinetobacter_baumannii_AbaQ","OXA-23","TEM-12","APH(3')-Ia","sul2","Acinetobacter_baumannii_AmvA","abeM","adeN","OXA-66","adeS","adeR","adeA","adeB","adeC","armA","msrE","mphE","adeH","adeF","adeG","adeL","abeS","APH(3'')-Ib","APH(6)-Id","tet(B)","Acinetobacter_baumannii_AbaF","adeI","adeJ","adeK"]},"AB_56":{"id":"AB_56","patient":"PT10","mlst_pasteur":"ST2","mlst_oxford":"ST195","cgmlst":"CT6","carbapenemase":"OXA-23","hospital":"Hospital D","country":"None","date":"2023-08-02","antibiogram":"\u2014","inject":"3.2","err":"ERR11173036","k_locus":"KL3","o_locus":"OCL1","inc_types":"","amr_genes":["tet(B)","APH(6)-Id","APH(3'')-Ib","mphE","msrE","ADC-73","OXA-23","Acinetobacter_baumannii_AbaQ","TEM-12","APH(3')-Ia","sul2","adeI","adeJ","adeK","abeM","Acinetobacter_baumannii_AmvA","Acinetobacter_baumannii_AbaF","adeC","adeB","adeA","adeR","adeS","OXA-66","adeH","adeF","adeG","adeL","abeS","adeN"]},"AB_57":{"id":"AB_57","patient":"PT2","mlst_pasteur":"ST2","mlst_oxford":"ST195","cgmlst":"CT15","carbapenemase":"OXA-23","hospital":"Hospital E","country":"Country Z","date":"2023-07-17","antibiogram":"\u2014","inject":"3.2","err":"ERR11173095","k_locus":"KL3","o_locus":"OCL1","inc_types":"","amr_genes":["Acinetobacter_baumannii_AbaF","abeS","adeL","adeG","adeF","adeH","Acinetobacter_baumannii_AbaQ","ADC-73","adeN","Acinetobacter_baumannii_AmvA","tet(B)","APH(6)-Id","APH(3'')-Ib","adeI","adeJ","adeK","adeC","adeB","adeA","adeR","adeS","OXA-66","armA","msrE","mphE","OXA-23","abeM","TEM-12","APH(3')-Ia","sul2"]},"AB_58":{"id":"AB_58","patient":"PT1","mlst_pasteur":"ST2","mlst_oxford":"ST195","cgmlst":"CT15","carbapenemase":"OXA-23","hospital":"Hospital F","country":"Country Z","date":"2023-08-01","antibiogram":"\u2014","inject":"3.2","err":"ERR11173073","k_locus":"KL3","o_locus":"OCL1","inc_types":"","amr_genes":["Acinetobacter_baumannii_AbaF","abeS","adeL","adeG","adeF","adeH","ADC-73","adeI","adeJ","adeK","adeN","tet(B)","APH(6)-Id","APH(3'')-Ib","abeM","adeS","adeR","adeA","adeB","adeC","OXA-66","Acinetobacter_baumannii_AmvA","Acinetobacter_baumannii_AbaQ","armA","msrE","mphE","APH(3')-Ia","OXA-23","TEM-12","sul2"]}},"tree_nwk":"(AB_23:0.0000000000,(((((((((AB_32:0.0000526438,(((((((AB_35:0.0001184538,AB_56:0.0005266047)63:0.0000263214,(AB_55:0.0002895868,AB_53:0.0002105975)27:0.0000010000)15:0.0000131606,((AB_39:0.0001446985,(AB_38:0.0002895868,AB_40:0.0001184538)97:0.0000136607)81:0.0000263214,AB_37:0.0005659927)63:0.0000136607)28:0.0000131606,(AB_33:0.0001579426,AB_54:0.0001447794)50:0.0000131606)23:0.0000010000,(AB_34:0.0001579426,AB_52:0.0002369263)96:0.0000131606)36:0.0000010000,AB_51:0.0002237618)100:0.0000921291,(AB_42:0.0000010000,AB_41:0.0000131606)100:0.0030501530)98:0.0000394825)64:0.0000010000,(AB_57:0.0001052913,AB_58:0.0000263214)100:0.0002369263)93:0.0000119501,(AB_46:0.0000263214,AB_47:0.0000526438)99:0.0000537753)100:0.0039482658,AB_36:0.0020645518)73:0.0000377934,(AB_48:0.0000131606,AB_49:0.0000263214)100:0.0002837391)100:0.0032903347,(((AB_44:0.0001219228,AB_45:0.0002867509)100:1.1726160050,AB_25:1.1878040283)100:1.0477672940,AB_50:0.0588351998)100:0.0447882187)100:0.0042211405,(AB_26:0.0000010000,AB_27:0.0000010000)98:0.0000263214)88:0.0000010000,AB_28:0.0000010000)97:0.0000131606,((AB_31:0.0000131606,AB_30:0.0000131606)60:0.0000010000,AB_29:0.0000010000)17:0.0000010000):0.0000010000,AB_24:0.0000000000);","all_genes":["AAC(3)-Ia","ADC-25","ADC-30","ADC-6","ADC-73","ANT(2'')-Ia","APH(3'')-Ib","APH(3')-Ia","APH(3')-VI","APH(3')-VIa","APH(6)-Id","Acinetobacter_baumannii_AbaF","Acinetobacter_baumannii_AbaQ","Acinetobacter_baumannii_AmpC_beta-lactamase","Acinetobacter_baumannii_AmvA","NDM-2","NDM-4","OXA-115","OXA-23","OXA-66","OXA-67","OXA-70","TEM-12","aadA2","abeM","abeS","adeA","adeB","adeC","adeF","adeG","adeH","adeI","adeJ","adeK","adeL","adeN","adeR","adeS","armA","catI","determinant_of_bleomycin_resistance","mphE","msrE","sul1","sul2","tet(39)","tet(B)","tetU"],"gene_categories":{"AAC(3)-Ia":"Aminoglycoside","ADC-25":"Cephalosporinase (AmpC)","ADC-30":"Cephalosporinase (AmpC)","ADC-6":"Cephalosporinase (AmpC)","ADC-73":"Cephalosporinase (AmpC)","ANT(2'')-Ia":"Aminoglycoside","APH(3'')-Ib":"Aminoglycoside","APH(3')-Ia":"Aminoglycoside","APH(3')-VI":"Aminoglycoside","APH(3')-VIa":"Aminoglycoside","APH(6)-Id":"Aminoglycoside","Acinetobacter_baumannii_AbaF":"Other","Acinetobacter_baumannii_AbaQ":"Other","Acinetobacter_baumannii_AmpC_beta-lactamase":"Other","Acinetobacter_baumannii_AmvA":"Other","NDM-2":"Carbapenemase","NDM-4":"Carbapenemase","OXA-115":"Other","OXA-23":"Carbapenemase","OXA-66":"Beta-lactamase","OXA-67":"Other","OXA-70":"Other","TEM-12":"Beta-lactamase","aadA2":"Other","abeM":"Fluoroquinolone","abeS":"Efflux pump","adeA":"Fluoroquinolone","adeB":"Fluoroquinolone","adeC":"Fluoroquinolone","adeF":"Efflux pump","adeG":"Efflux pump","adeH":"Efflux pump","adeI":"Fluoroquinolone","adeJ":"Fluoroquinolone","adeK":"Fluoroquinolone","adeL":"Efflux pump","adeN":"Efflux pump","adeR":"Efflux pump","adeS":"Efflux pump","armA":"Aminoglycoside","catI":"Other","determinant_of_bleomycin_resistance":"Aminoglycoside","mphE":"Other","msrE":"Other","sul1":"Sulfonamide","sul2":"Sulfonamide","tet(39)":"Tetracycline","tet(B)":"Tetracycline","tetU":"Other"},"dist_matrix":{"samples":["AB_23","AB_24","AB_25","AB_26","AB_27","AB_28","AB_29","AB_30","AB_31","AB_32","AB_33","AB_34","AB_35","AB_36","AB_37","AB_38","AB_39","AB_40","AB_41","AB_42","AB_44","AB_45","AB_46","AB_47","AB_48","AB_49","AB_50","AB_51","AB_52","AB_53","AB_54","AB_55","AB_56","AB_57","AB_58"],"matrix":[[0.0,755.7,20545.6,1812.4,2630.4,2686.4,1391.9,458.9,830.7,5741.5,3966.1,3905.8,3905.8,4611.5,3966.1,3935.9,4026.5,3905.8,3785.9,4580.2,22637.8,22637.8,3996.3,4026.5,3489.8,3815.8,5346.1,3875.8,4087.2,4087.2,3815.8,3996.3,3905.8,4991.0,4209.2],[755.7,0.0,20279.7,2408.4,3169.7,2298.4,1919.2,1083.4,1417.9,5378.7,3696.6,3607.6,3637.2,4393.7,3696.6,3666.9,3756.1,3637.2,3489.8,4301.2,22276.6,22348.4,3666.9,3726.3,3198.5,3460.4,5023.0,3578.1,3845.8,3815.8,3548.6,3726.3,3607.6,4737.1,3905.8],[20545.6,20279.7,0.0,22062.3,22857.1,22062.3,21709.3,20747.0,21154.8,21779.5,20814.5,20612.6,20612.6,21292.3,20747.0,20545.6,20612.6,20679.7,19951.4,20679.7,22710.7,22710.7,20279.7,20545.6,19756.5,20082.2,20412.3,20545.6,20679.7,20747.0,20545.6,20814.5,20478.9,20814.5,20279.7],[1812.4,2408.4,22062.3,0.0,3401.9,3578.1,2463.6,2134.8,2519.0,6454.6,5575.7,5509.8,5509.8,6009.9,5575.7,5542.7,5608.7,5542.7,5411.4,6009.9,23982.9,24136.8,5023.0,5119.3,5055.0,4800.2,7088.2,5476.9,5708.2,5641.8,5411.4,5608.7,5476.9,6316.6,5841.7],[2630.4,3169.7,22857.1,3401.9,0.0,3875.8,2912.1,2912.1,3256.4,6981.1,6213.8,6145.6,6145.6,6698.4,6213.8,6179.6,6248.0,6179.6,6043.7,6558.7,24841.3,24920.8,5378.7,5411.4,5675.0,5216.1,7818.1,6111.6,6282.3,6282.3,6043.7,6248.0,6111.6,7232.0,6489.2],[2686.4,2298.4,22062.3,3578.1,3875.8,0.0,3112.1,3026.1,3401.9,6145.6,5542.7,5476.9,5476.9,6077.6,5542.7,5509.8,5575.7,5509.8,5378.7,6077.6,24136.8,24214.2,4737.1,4800.2,5023.0,4580.2,7052.4,5444.1,5675.0,5641.8,5378.7,5575.7,5476.9,6523.9,5808.2],[1391.9,1919.2,21709.3,2463.6,2912.1,3112.1,0.0,1340.1,1706.2,6009.9,5216.1,5151.5,5151.5,5808.2,5216.1,5183.8,5281.0,5183.8,5087.1,5741.5,23829.9,23829.9,4362.8,4332.0,4737.1,4178.6,6733.6,5119.3,5313.5,5313.5,5055.0,5248.5,5119.3,6179.6,5476.9],[458.9,1083.4,20747.0,2134.8,2912.1,3026.1,1340.1,0.0,805.7,6009.9,4301.2,4178.6,4209.2,4895.4,4270.5,4239.8,4332.0,4239.8,4117.6,4895.4,22783.8,22783.8,4301.2,4301.2,3845.8,4148.1,5675.0,4178.6,4424.7,4393.7,4117.6,4332.0,4178.6,5313.5,4580.2],[830.7,1417.9,21154.8,2519.0,3256.4,3401.9,1706.2,805.7,0.0,6282.3,4580.2,4486.7,4517.8,5346.1,4549.0,4580.2,4705.6,4580.2,4486.7,5248.5,23226.8,23226.8,4674.2,4705.6,4117.6,4486.7,6077.6,4517.8,4800.2,4674.2,4455.7,4674.2,4549.0,5708.2,4991.0],[5741.5,5378.7,21779.5,6454.6,6981.1,6145.6,6009.9,6009.9,6282.3,0.0,3112.1,3054.7,3026.1,4895.4,3083.4,3054.7,3140.9,3054.7,2969.0,3756.1,25484.0,25484.0,2325.8,2408.4,2883.7,2436.0,6910.0,2997.5,3285.4,3227.4,2940.5,3112.1,2997.5,4026.5,3140.9],[3966.1,3696.6,20814.5,5575.7,6213.8,5542.7,5216.1,4301.2,4580.2,3112.1,0.0,215.7,288.3,3431.1,336.9,336.9,336.9,288.3,1839.0,2658.4,23526.5,23526.5,1946.0,1972.8,1574.5,2026.6,4959.1,239.9,508.0,385.6,215.7,458.9,264.1,2574.6,1892.4],[3905.8,3607.6,20612.6,5509.8,6145.6,5476.9,5151.5,4178.6,4486.7,3054.7,215.7,0.0,167.5,3372.7,215.7,215.7,312.6,215.7,1785.8,2658.4,23526.5,23526.5,1865.7,1919.2,1548.3,1919.2,4863.6,167.5,434.4,312.6,143.5,385.6,191.6,2463.6,1812.4],[3905.8,3637.2,20612.6,5509.8,6145.6,5476.9,5151.5,4209.2,4517.8,3026.1,288.3,167.5,0.0,3343.5,191.6,191.6,288.3,191.6,1759.2,2630.4,23677.7,23677.7,1785.8,1892.4,1522.1,1839.0,4863.6,143.5,410.0,336.9,167.5,361.2,119.5,2380.8,1732.7],[4611.5,4393.7,21292.3,6009.9,6698.4,6077.6,5808.2,4895.4,5346.1,4895.4,3431.1,3372.7,3343.5,0.0,3401.9,3372.7,3489.8,3372.7,2602.5,3401.9,22565.1,22565.1,3083.4,3169.7,2630.4,2997.5,6628.4,3314.4,3607.6,3548.6,3256.4,3460.4,3314.4,3026.1,3489.8],[3966.1,3696.6,20747.0,5575.7,6213.8,5542.7,5216.1,4270.5,4549.0,3083.4,336.9,215.7,191.6,3401.9,0.0,239.9,288.3,239.9,1839.0,2658.4,23677.7,23677.7,1865.7,1972.8,1496.0,1919.2,4927.2,191.6,458.9,385.6,215.7,458.9,215.7,2463.6,1785.8],[3935.9,3666.9,20545.6,5542.7,6179.6,5509.8,5183.8,4239.8,4580.2,3054.7,336.9,215.7,191.6,3372.7,239.9,0.0,288.3,191.6,1785.8,2658.4,23677.7,23677.7,1812.4,1919.2,1600.8,1865.7,4895.4,143.5,410.0,434.4,167.5,410.0,167.5,2408.4,1759.2],[4026.5,3756.1,20612.6,5608.7,6248.0,5575.7,5281.0,4332.0,4705.6,3140.9,336.9,312.6,288.3,3489.8,288.3,288.3,0.0,239.9,1892.4,2714.4,23677.7,23677.7,1892.4,2026.6,1627.1,1972.8,4927.2,191.6,458.9,434.4,264.1,508.0,215.7,2519.0,1839.0],[3905.8,3637.2,20679.7,5542.7,6179.6,5509.8,5183.8,4239.8,4580.2,3054.7,288.3,215.7,191.6,3372.7,239.9,191.6,239.9,0.0,1785.8,2602.5,23602.0,23602.0,1812.4,1919.2,1574.5,1865.7,4895.4,95.5,410.0,385.6,167.5,410.0,167.5,2408.4,1759.2],[3785.9,3489.8,19951.4,5411.4,6043.7,5378.7,5087.1,4117.6,4486.7,2969.0,1839.0,1785.8,1759.2,2602.5,1839.0,1785.8,1892.4,1785.8,0.0,1417.9,23451.3,23526.5,1366.0,1391.9,1083.4,1469.9,4895.4,1732.7,1972.8,1946.0,1679.8,1865.7,1732.7,2519.0,1679.8],[4580.2,4301.2,20679.7,6009.9,6558.7,6077.6,5741.5,4895.4,5248.5,3756.1,2658.4,2658.4,2630.4,3401.9,2658.4,2658.4,2714.4,2602.5,1417.9,0.0,24136.8,24136.8,2134.8,2189.2,1999.7,2271.0,5808.2,2574.6,2827.1,2827.1,2546.8,2686.4,2602.5,3285.4,2574.6],[22637.8,22276.6,22710.7,23982.9,24841.3,24136.8,23829.9,22783.8,23226.8,25484.0,23526.5,23526.5,23677.7,22565.1,23677.7,23677.7,23677.7,23602.0,23451.3,24136.8,0.0,167.5,23677.7,23906.3,23152.4,23677.7,23152.4,23526.5,23906.3,23602.0,23376.2,23602.0,23602.0,24369.5,23906.3],[22637.8,22348.4,22710.7,24136.8,24920.8,24214.2,23829.9,22783.8,23226.8,25484.0,23526.5,23526.5,23677.7,22565.1,23677.7,23677.7,23677.7,23602.0,23526.5,24136.8,167.5,0.0,23753.7,23906.3,23152.4,23753.7,23152.4,23526.5,23982.9,23677.7,23376.2,23602.0,23602.0,24369.5,23982.9],[3996.3,3666.9,20279.7,5023.0,5378.7,4737.1,4362.8,4301.2,4674.2,2325.8,1946.0,1865.7,1785.8,3083.4,1865.7,1812.4,1892.4,1812.4,1366.0,2134.8,23677.7,23753.7,0.0,557.2,1211.2,532.6,5313.5,1759.2,1972.8,2026.6,1812.4,1972.8,1759.2,2574.6,1785.8],[4026.5,3726.3,20545.6,5119.3,5411.4,4800.2,4332.0,4301.2,4705.6,2408.4,1972.8,1919.2,1892.4,3169.7,1972.8,1919.2,2026.6,1919.2,1391.9,2189.2,23906.3,23906.3,557.2,0.0,1236.9,656.2,5411.4,1865.7,2080.6,2080.6,1812.4,1999.7,1865.7,2770.7,1892.4],[3489.8,3198.5,19756.5,5055.0,5675.0,5023.0,4737.1,3845.8,4117.6,2883.7,1574.5,1548.3,1522.1,2630.4,1496.0,1600.8,1627.1,1574.5,1083.4,1999.7,23152.4,23152.4,1211.2,1236.9,0.0,780.7,4863.6,1522.1,1732.7,1627.1,1469.9,1653.4,1548.3,2353.3,1469.9],[3815.8,3460.4,20082.2,4800.2,5216.1,4580.2,4178.6,4148.1,4486.7,2436.0,2026.6,1919.2,1839.0,2997.5,1919.2,1865.7,1972.8,1865.7,1469.9,2271.0,23677.7,23753.7,532.6,656.2,780.7,0.0,5248.5,1812.4,2053.6,2080.6,1865.7,2053.6,1812.4,2602.5,1812.4],[5346.1,5023.0,20412.3,7088.2,7818.1,7052.4,6733.6,5675.0,6077.6,6910.0,4959.1,4863.6,4863.6,6628.4,4927.2,4895.4,4927.2,4895.4,4895.4,5808.2,23152.4,23152.4,5313.5,5411.4,4863.6,5248.5,0.0,4831.9,5119.3,4959.1,4737.1,4927.2,4863.6,6145.6,5216.1],[3875.8,3578.1,20545.6,5476.9,6111.6,5444.1,5119.3,4178.6,4517.8,2997.5,239.9,167.5,143.5,3314.4,191.6,143.5,191.6,95.5,1732.7,2574.6,23526.5,23526.5,1759.2,1865.7,1522.1,1812.4,4831.9,0.0,361.2,336.9,119.5,361.2,119.5,2353.3,1706.2],[4087.2,3845.8,20679.7,5708.2,6282.3,5675.0,5313.5,4424.7,4800.2,3285.4,508.0,434.4,410.0,3607.6,458.9,410.0,458.9,410.0,1972.8,2827.1,23906.3,23982.9,1972.8,2080.6,1732.7,2053.6,5119.3,361.2,0.0,656.2,385.6,606.6,336.9,2630.4,1946.0],[4087.2,3815.8,20747.0,5641.8,6282.3,5641.8,5313.5,4393.7,4674.2,3227.4,385.6,312.6,336.9,3548.6,385.6,434.4,434.4,385.6,1946.0,2827.1,23602.0,23677.7,2026.6,2080.6,1627.1,2080.6,4959.1,336.9,656.2,0.0,361.2,458.9,312.6,2630.4,1972.8],[3815.8,3548.6,20545.6,5411.4,6043.7,5378.7,5055.0,4117.6,4455.7,2940.5,215.7,143.5,167.5,3256.4,215.7,167.5,264.1,167.5,1679.8,2546.8,23376.2,23376.2,1812.4,1812.4,1469.9,1865.7,4737.1,119.5,385.6,361.2,0.0,239.9,143.5,2408.4,1759.2],[3996.3,3726.3,20814.5,5608.7,6248.0,5575.7,5248.5,4332.0,4674.2,3112.1,458.9,385.6,361.2,3460.4,458.9,410.0,508.0,410.0,1865.7,2686.4,23602.0,23602.0,1972.8,1999.7,1653.4,2053.6,4927.2,361.2,606.6,458.9,239.9,0.0,288.3,2602.5,1919.2],[3905.8,3607.6,20478.9,5476.9,6111.6,5476.9,5119.3,4178.6,4549.0,2997.5,264.1,191.6,119.5,3314.4,215.7,167.5,215.7,167.5,1732.7,2602.5,23602.0,23602.0,1759.2,1865.7,1548.3,1812.4,4863.6,119.5,336.9,312.6,143.5,288.3,0.0,2353.3,1706.2],[4991.0,4737.1,20814.5,6316.6,7232.0,6523.9,6179.6,5313.5,5708.2,4026.5,2574.6,2463.6,2380.8,3026.1,2463.6,2408.4,2519.0,2408.4,2519.0,3285.4,24369.5,24369.5,2574.6,2770.7,2353.3,2602.5,6145.6,2353.3,2630.4,2630.4,2408.4,2602.5,2353.3,0.0,1627.1],[4209.2,3905.8,20279.7,5841.7,6489.2,5808.2,5476.9,4580.2,4991.0,3140.9,1892.4,1812.4,1732.7,3489.8,1785.8,1759.2,1839.0,1759.2,1679.8,2574.6,23906.3,23982.9,1785.8,1892.4,1469.9,1812.4,5216.1,1706.2,1946.0,1972.8,1759.2,1919.2,1706.2,1627.1,0.0]]},"tree_source":"IQ-TREE2 ML tree (GTR+G, 1000 ultrafast bootstrap) on Parsnp core-genome SNP alignment","snp_matrix":{"samples":["AB_23","AB_32","AB_35","AB_28","AB_44","AB_55","AB_46","AB_53","AB_39","AB_50","AB_48","AB_37","AB_33","AB_34","AB_51","AB_31","AB_42","AB_54","AB_29","AB_49","AB_57","AB_36","AB_41","AB_25","AB_56","AB_52","AB_45","AB_26","AB_47","AB_27","AB_58","AB_38","AB_40","AB_30"],"matrix":[[0,46611,47644,53,8921345,48242,46667,47916,47750,432939,31335,49391,47642,47642,47858,53,59063,47586,4,31389,47586,38310,59118,8961153,49224,47968,8924798,158,46775,158,47476,48404,47696,53],[46611,0,1422,46557,8936663,2001,579,1685,1527,434960,17348,3108,1422,1422,1632,46665,12570,1369,46611,17402,1580,24268,12623,8967624,2949,1738,8940125,46664,684,46664,1264,2159,1474,46665],[47644,1422,0,47589,8945208,1738,1580,1422,1369,436279,18360,2844,1158,1369,1474,47698,13261,1316,47644,18414,2580,24858,13314,8977663,2580,1685,8948672,47697,1685,47697,2264,2001,1316,47698],[53,46557,47589,0,8920607,48188,46612,47861,47696,432868,31281,49337,47588,47588,47804,105,59008,47532,53,31335,47532,38256,59063,8960412,49169,47913,8924060,105,46720,105,47422,48350,47641,105],[8921345,8936663,8945208,8920607,0,8954100,8937514,8949743,8945719,8980893,8937463,8966830,8944045,8945474,8948502,8921439,8940688,8945413,8921345,8938723,8943604,8944159,8941429,9067081,8964663,8949333,1632,8920821,8938246,8920821,8941272,8954427,8946061,8921452],[48242,2001,1738,48188,8954100,0,2159,2001,1948,437050,18947,3529,1738,1948,1948,48296,13845,1896,48242,19001,3160,25447,13898,8985140,3371,2264,8957567,48295,2264,48295,2844,2475,1896,48296],[46667,579,1580,46612,8937514,2159,0,1843,1685,435040,17402,3266,1580,1580,1790,46721,12729,1527,46667,17456,1738,24428,12782,8968478,3108,1896,8940976,46720,316,46720,1422,2317,1632,46720],[47916,1685,1422,47861,8949743,2001,1843,0,1632,436632,18627,3213,1527,1632,1843,47970,13526,1580,47916,18681,2844,25126,13580,8980740,3055,1948,8953208,47969,1948,47969,2528,2264,1580,47970],[47750,1527,1369,47696,8945719,1948,1685,1632,0,436394,18466,2844,1474,1264,1685,47804,13366,1422,47750,18520,2686,24964,13420,8976647,2897,1790,8949183,47803,1790,47803,2370,1790,1106,47804],[432939,434960,436279,432868,8980893,437050,435040,436632,436394,0,430154,438575,436269,436266,436534,432874,440658,436183,432939,430230,436310,432254,440730,9077629,438332,436677,8984348,432996,435036,432996,436025,437251,436327,433003],[31335,17348,18360,31281,8937463,18947,17402,18627,18466,430154,0,20070,18360,18360,18573,31388,29606,18306,31335,158,18519,9605,29660,8960821,19908,18680,8940923,31388,17508,31388,18199,19107,18413,31388],[49391,3108,2844,49337,8966830,3529,3266,3213,2844,438575,20070,0,3055,3055,3266,49445,14964,3002,49391,20124,4272,26576,15017,8999356,4378,3371,8970301,49444,3371,49444,3951,3586,2897,49445],[47642,1422,1158,47588,8944045,1738,1580,1527,1474,436269,18360,3055,0,1369,1580,47696,13260,1211,47642,18414,2580,24964,13314,8976494,2897,1685,8947509,47696,1685,47696,2264,2001,1316,47696],[47642,1422,1369,47588,8945474,1948,1580,1632,1264,436266,18360,3055,1369,0,1580,47696,13260,1316,47642,18414,2580,24964,13314,8976414,2897,1580,8948938,47696,1685,47696,2264,2106,1422,47696],[47858,1632,1474,47804,8948502,1948,1790,1843,1685,436534,18573,3266,1580,1580,0,47912,13472,1527,47858,18626,2791,25178,13526,8979496,3002,1896,8951967,47912,1896,47912,2475,2317,1632,47912],[53,46665,47698,105,8921439,48296,46721,47970,47804,432874,31388,49445,47696,47696,47912,0,59117,47640,53,31442,47640,38364,59172,8961246,49278,48022,8924892,210,46828,210,47530,48458,47750,105],[59063,12570,13261,59008,8940688,13845,12729,13526,13366,440658,29606,14964,13260,13260,13472,59117,0,13207,59063,29660,13737,35606,53,8987812,14803,13579,8944150,59116,12835,59116,13418,14004,13313,59117],[47586,1369,1316,47532,8945413,1896,1527,1580,1422,436183,18306,3002,1211,1316,1527,47640,13207,0,47586,18360,2528,24910,13260,8976398,2844,1632,8948878,47640,1632,47640,2212,2054,1369,47640],[4,46611,47644,53,8921345,48242,46667,47916,47750,432939,31335,49391,47642,47642,47858,53,59063,47586,0,31389,47586,38310,59118,8961153,49224,47968,8924798,158,46775,158,47476,48404,47696,53],[31389,17402,18414,31335,8938723,19001,17456,18681,18520,430230,158,20124,18414,18414,18626,31442,29660,18360,31389,0,18572,9658,29714,8962086,19962,18733,8942183,31442,17562,31442,18252,19160,18466,31442],[47586,1580,2580,47532,8943604,3160,1738,2844,2686,436310,18519,4272,2580,2580,2791,47640,13737,2528,47586,18572,0,25443,13790,8974577,4109,2897,8947068,47640,1843,47640,526,3318,2633,47640],[38310,24268,24858,38256,8944159,25447,24428,25126,24964,432254,9605,26576,24964,24964,25178,38364,35606,24910,38310,9658,25443,0,35660,8980022,26412,25285,8947622,38363,24428,38363,25122,25607,24910,38364],[59118,12623,13314,59063,8941429,13898,12782,13580,13420,440730,29660,15017,13314,13314,13526,59172,53,13260,59118,29714,13790,35660,0,8988555,14856,13632,8944892,59172,12888,59172,13471,14058,13366,59172],[8961153,8967624,8977663,8960412,9067081,8985140,8968478,8980740,8976647,9077629,8960821,8999356,8976494,8976414,8979496,8961246,8987812,8976398,8961153,8962086,8974577,8980022,8988555,0,8997183,8980329,9070523,8960625,8969212,8960625,8972238,8985217,8977046,8961259],[49224,2949,2580,49169,8964663,3371,3108,3055,2897,438332,19908,4378,2897,2897,3002,49278,14803,2844,49224,19962,4109,26412,14856,8997183,0,3213,8968133,49277,3213,49277,3793,3529,2844,49278],[47968,1738,1685,47913,8949333,2264,1896,1948,1790,436677,18680,3371,1685,1580,1896,48022,13579,1632,47968,18733,2897,25285,13632,8980329,3213,0,8952799,48021,2001,48021,2580,2422,1738,48022],[8924798,8940125,8948672,8924060,1632,8957567,8940976,8953208,8949183,8984348,8940923,8970301,8947509,